//NURBS data format
//(c) 2013 Hoang Giang Bui, Ruhr-University Bochum

Begin ModelPartData
//  VARIABLE_NAME value
End ModelPartData
Begin Properties 1
DENSITY          0.0  //scalar
BODY_FORCE [3]  (0.0, 0.0, 0.0)
GRAVITY [3]     (0.0, 0.0, 0.0)
End Properties

Begin Nodes
1 0.000000 0.000000 0.000000
2 0.000000 1.000000 0.000000
3 1.000000 1.000000 0.000000
4 2.000000 0.000000 0.000000
5 3.000000 2.000000 0.000000
6 4.000000 2.250000 0.000000
7 5.000000 1.000000 0.000000
End Nodes

Begin Elements KinematicLinearGeo1dBezier
1 1 1 2 3 4
2 1 2 3 4 5
3 1 3 4 5 6
4 1 4 5 6 7
End Elements

Begin ElementalData NURBS_WEIGHT
1 [4] ( 1.000000, 1.000000, 1.000000, 1.000000)
2 [4] ( 1.000000, 1.000000, 1.000000, 1.000000)
3 [4] ( 1.000000, 1.000000, 1.000000, 1.000000)
4 [4] ( 1.000000, 1.000000, 1.000000, 1.000000)
End ElementalData

Begin ElementalData NURBS_DEGREE_1
1 3
2 3
3 3
4 3
End ElementalData

Begin ElementalData EXTRACTION_OPERATOR
1 [4, 4] (( 1.000000, 0.000000, 0.000000, 0.000000),( 0.000000, 1.000000, 0.500000, 0.250000),( 0.000000, 0.000000, 0.500000, 0.583333),( 0.000000, 0.000000, 0.000000, 0.166667))
2 [4, 4] (( 0.250000, 0.000000, 0.000000, 0.000000),( 0.583333, 0.666667, 0.333333, 0.166667),( 0.166667, 0.333333, 0.666667, 0.666667),( 0.000000, 0.000000, 0.000000, 0.166667))
3 [4, 4] (( 0.166667, 0.000000, 0.000000, 0.000000),( 0.666667, 0.666667, 0.333333, 0.166667),( 0.166667, 0.333333, 0.666667, 0.583333),( 0.000000, 0.000000, 0.000000, 0.250000))
4 [4, 4] (( 0.166667, 0.000000, 0.000000, 0.000000),( 0.583333, 0.500000, 0.000000, 0.000000),( 0.250000, 0.500000, 1.000000, 0.000000),( 0.000000, 0.000000, 0.000000, 1.000000))
End ElementalData

